f1: 0.000000e+00 1.000000e+00 1.900000e+00 2.710000e+00 3.439000e+00
f2: 0.000000e+00 2.000000e+00 3.800000e+00 5.420000e+00 6.878000e+00
f3: 0.000000e+00 3.000000e+00 5.700000e+00 8.130000e+00 1.031700e+01
f4: 0.000000e+00 4.000000e+00 7.600000e+00 1.084000e+01 1.375600e+01
f5: 0.000000e+00 5.000000e+00 9.500000e+00 1.355000e+01 1.719500e+01
